"","Team","Wins","Losses","Competition Level","Gender Division","City","State","Links","Index","Rating"
"1","Brute Squad",22,3,"Club","Women","Boston","MA","/teams/events/Eventteam/?TeamId=Sxpi5zVqJGEk4DHzBJdmM1Q2SDo%2b%2fGlGymP%2bwSmieMg%3d",15,17.8290110001162
"2","Molly Brown",23,4,"Club","Women","Denver/Boulder","CO","/teams/events/Eventteam/?TeamId=Bf3z2v0awy9RJ4JFuuZCeAoTTO27o2Di8KoNazLDeVY%3d",67,17.6763384013852
"3","Seattle Riot",27,4,"Club","Women","Seattle","WA","/teams/events/Eventteam/?TeamId=W15t1DXc%2btTL6TaVyjrijmSgRpmOV46Kuhld3LmQefU%3d",112,17.4102517990134
"4","Woosand",6,0,"Beach","Women","Boston","MA","/teams/events/Eventteam/?TeamId=pw82nmSpvqvN7Pz07k3MNkfcIRokqHfJ9U4zb7soo%2bc%3d",152,11.1072511849083
"5","Fury",18,6,"Club","Women","San Francisco","CA","/teams/events/Eventteam/?TeamId=t8LIQi81cNpXfjcuLGw%2bI1rQCEv9mukQpvCtyYmPdv0%3d",37,10.9919739815149
"6","The Otter Team",7,0,"Beach","Women","San Fransicso","CA","/teams/events/Eventteam/?TeamId=5m%2fZ8%2bH2xEKOpGlxMtssh0JF%2feKz87CYFKi5wiRJQt8%3d",135,9.10542780446795
"7","Surly C.O.U.G.A.R.S.",11,0,"Masters","Women","Minneapolis","MN","/teams/events/Eventteam/?TeamId=dAipsMCNq4T%2fQvj1zP4hFYLQLVW51VXrVBstLQGpSG4%3d",128,8.46375335718137
"8","Scandal",25,8,"Club","Women","Washington","DC","/teams/events/Eventteam/?TeamId=kUfEboVoZOC0HIKfwGFApaHPHcO3hGkG3n4iHHF6eTs%3d",106,5.61247531704066
"9","Club Deportivo Revolution",5,2,"Club","Women","Medellin","Colombia","/teams/events/Eventteam/?TeamId=t08fEffRI4ac%2bOChcXuXtowfvIL3nhgH%2f%2fDMLsI6fNw%3d",17,4.97797782569826
"10","Ronrunner",4,1,"Beach","Women","Chicago","IL","/teams/events/Eventteam/?TeamId=6tLwkRgwaV%2fCuqA5tBDXxuX6XyGUfIgZSHvaI2bxgDo%3d",100,3.47088089208214
"11","iRot",7,2,"Masters","Women","Seattle","WA","/teams/events/Eventteam/?TeamId=sp6R6C6rs%2byNsnJFhQHnLaT198MJimcoQlSG8RdCt%2fQ%3d",57,3.17265017741989
"12","Ripe",7,1,"Masters","Women","Raleigh","NC","/teams/events/Eventteam/?TeamId=zEZsqTjJSxOh%2fu1GsXf8sPrluOP6HcmKZzZu6HAOhd4%3d",95,2.88705424936561
"13","Boston",6,1,"Grand Masters","Women","Boston","MA","/teams/events/Eventteam/?TeamId=2izkeS%2bCBh2fPEv%2f2YkL2j6A%2fRJxM8e7YshQR6KMzkw%3d",12,2.87116884148711
"14","Traffic",9,9,"Club","Women","Vancouver","BC","/teams/events/Eventteam/?TeamId=ZB55pipWbFG1jlGT2fGobxhJYdZ3NctS7GIg1HKW69A%3d",137,2.49509143813841
"15","Lame Duck",8,3,"Masters","Women","Washington","DC","/teams/events/Eventteam/?TeamId=vTMCOoglIN6n5qXb2lul9LwE9TtYxViejx9fPLS5ju0%3d",61,2.26433819035523
"16","J2",6,2,"Grand Masters","Women","Seattle","WA","/teams/events/Eventteam/?TeamId=BkcpPD4MwxvSLX1cBJGeS9zrbueRbFYtlcmJs0C1wf0%3d",58,2.25178047256249
"17","Heist",17,13,"Club","Women","Madison","WI","/teams/events/Eventteam/?TeamId=kjieS94dxFWzE%2fszZye8eiZZ3kv7dt5l3IQ59gKvYnM%3d",42,2.0118553419785
"18","Underground",24,13,"Club","Women","Seattle","WA","/teams/events/Eventteam/?TeamId=0%2bfEnfDFFsOMjx6uE%2fETJr7Qa2wNA81LCqLMHRGmwFo%3d",139,1.97657984933594
"19","MUD",2,5,"Club","Women","Edogawa-ku","Tokyo","/teams/events/Eventteam/?TeamId=2OBqFFhWdrsvLe1LicoF0KC84wI7edoJYWbYuWdUxMM%3d",70,1.91303141027967
"20","Molly Grey",5,1,"Masters","Women","Denver","CO","/teams/events/Eventteam/?TeamId=lm4QjT2daz038v4EwKWEiSzKht7qCrh0KT6k%2fWcMxXo%3d",68,1.83347336902609
"21","Nightlock",16,17,"Club","Women","Bay Area","CA","/teams/events/Eventteam/?TeamId=5vS07KrGoIIi1IjM6HFvkCIDl3mJBgTfsHNLPGIuekU%3d",74,1.68958628157497
"22","Showdown",13,13,"Club","Women","Texas City","TX","/teams/events/Eventteam/?TeamId=o1qZD8HxaYTLlvli8gnlAu0M3rQfojXYZ%2fEd4STKtZk%3d",115,1.57086501188221
"23","Ozone",17,8,"Club","Women","Atlanta","GA","/teams/events/Eventteam/?TeamId=Hjw%2fBOsdgs30bMpje5%2ba9vvOD6w03SaVfuS8ejhIXnY%3d",78,1.4724192886037
"24","Skeeahreet",6,2,"Beach","Women","Somerville","MA","/teams/events/Eventteam/?TeamId=rB40q4mvJsZhmvhjoTnQkwOhP6TagDskrKKgSqfDqdQ%3d",118,1.27353150255016
"25","Schwa",13,12,"Club","Women","Portland","OR","/teams/events/Eventteam/?TeamId=ZDpaf4%2bYo8F5M3pUa3Ys7%2fw3TvgY8324rQyEAj3OzH0%3d",107,1.25051308373053
"26","LAMP",5,2,"Beach","Women","Philadelphia","PA","/teams/events/Eventteam/?TeamId=OJubDtjKNNF8Ac%2bzyPwzDT%2b9Jd6L8b8x4UAE5Pdhna0%3d",62,1.19371074525205
"27","Pop",24,8,"Club","Women","Minneapolis","MN","/teams/events/Eventteam/?TeamId=emx9NFiSTpKcSiIEG6YAmRPH9OqWZ246vkMkRj7dBqA%3d",86,1.07078697028883
"28","San Diego Yacht Club",2,3,"Beach","Women","San Diego","CA","/teams/events/Eventteam/?TeamId=0c3df9j99k5mlfS%2fJTma6oFeH7RMf%2fXoAXHrrql2w1g%3d",103,0.817210653198975
"29","Rival",16,7,"Club","Women","Columbus/Ann Arbor","OH","/teams/events/Eventteam/?TeamId=YEuqlS%2fJ5lH0T%2fIKyERLvU%2bboao7c%2bwIggBop%2fT13KA%3d",96,0.789863353744015
"30","Nemesis",24,7,"Club","Women","Chicago","IL","/teams/events/Eventteam/?TeamId=JOqjM%2fHNtv%2bTBkxAkBC1HQrM4mIUHYQgDb4qG8ydji4%3d",73,0.769440235195731
"31","PUMAS",6,7,"Masters","Women","Ames","IA","/teams/events/Eventteam/?TeamId=XFcKBFTrURM5%2bRmRaNpVrNJi7lMkMGhyWBnko0qaTv4%3d",90,0.678051758424176
"32","BKFT",4,2,"Masters","Women","Santa Cruz","CA","/teams/events/Eventteam/?TeamId=Rmd1aqKfRMu4YUbMU9yV8pMdK%2fUlVwQrxjp50oZxZ%2f8%3d",8,0.628902600262406
"33","6ixers",19,4,"Club","Women","Toronto","Ontario","/teams/events/Eventteam/?TeamId=eC%2bv%2bTHjcdcfCBFZIs%2fXo6qP8B7LMaR%2ffg3LZNOmNjg%3d",1,0.619506497312821
"34","LOL",13,6,"Club","Women","Oakland","CA","/teams/events/Eventteam/?TeamId=RvUktxth31oAnwKx9YKQnEN%2fY7ZHcZbn4GENwm18MC0%3d",64,0.533471242817958
"35","Siege",23,9,"Club","Women","Boston","MA","/teams/events/Eventteam/?TeamId=uPpS4ST1U8DZArCoZDEbnsADEc2AuCJ3F7kAOfXvPF8%3d",117,0.513257301190929
"36","Loose Cannon",7,4,"Masters","Women","Philadelphia","PA","/teams/events/Eventteam/?TeamId=t%2b%2f5aI8gS6cfAczFhBKHRPnOfURSjalAYZ39JTu6mdM%3d",65,0.508260276190236
"37","Sidearm",4,4,"Grand Masters","Women","Chicago","IL","/teams/events/Eventteam/?TeamId=j8VFwUcBh7I4OBaow6WSZf1WOlb2W%2fBp%2fw7JE%2bqadSs%3d",116,0.431685370430332
"38","BENT",14,15,"Club","Women","New York","NY","/teams/events/Eventteam/?TeamId=ooBQTxN2XtOSbUSLJATRmHeWoFzxp5rqNgWEykTDaZ0%3d",6,0.363559550656418
"39","Sea Salt",4,2,"Beach","Women","Bay Area","CA","/teams/events/Eventteam/?TeamId=cA7Xt3zzUVvL7%2bQw0bTeXOHe%2f%2fEqEgJQHA%2bBPTThT1s%3d",108,0.33608266548269
"40","Phoenix",20,6,"Club","Women","Durham","NC","/teams/events/Eventteam/?TeamId=Klcqo%2fq8tiQXx%2fS7WKkdDpCFdlrNsPeU6ZBLMHNeri4%3d",80,0.334554092129554
"41","Wildfire",11,14,"Club","Women","San Diego","CA","/teams/events/Eventteam/?TeamId=U5QM7yDKRF0BG0eDvAii%2fO6bh%2bz0bOFNyZHsduRQsrI%3d",149,0.33315170378517
"42","Rockford Beaches",6,2,"Beach","Women","Madison","WI","/teams/events/Eventteam/?TeamId=noIidkklQ853un77uYByrPbsNkrbAxC1B0MlnVepotI%3d",98,0.330030249903189
"43","Poachella",3,5,"Grand Masters","Women","Seattle","WA","/teams/events/Eventteam/?TeamId=q6OcDVi8aZRj%2fquQBl64C3wfY%2fVHDCtm41dKAbO9iUI%3d",85,0.279589024290665
"44","Iceni",0,7,"Club","Women","London","SW4 8QW","/teams/events/Eventteam/?TeamId=pCTTVNHmgVDohSkk9kiC%2bIiD1900XLEMmr5lMZpNrpk%3d",52,0.267095809389058
"45","Sneaky House Hippos",8,10,"Club","Women","Vancouver","British Columbia","/teams/events/Eventteam/?TeamId=lo5B%2fR4pC7jEetBDk3vsuGaVYWqpCDRGiFM3JbrfJ90%3d",120,0.258974159442587
"46","Santa Babe-ra",2,4,"Beach","Women","Santa Barbara","CA","/teams/events/Eventteam/?TeamId=7glx0QOltdFlE0oGEIMWefZivMqB5qUrTa0jOCg4Noc%3d",104,0.241325389608379
"47","Huck the Patriarchy",3,3,"Beach","Women","Seattle","WA","/teams/events/Eventteam/?TeamId=WmaHgdtfyUxpRbeNFKUXsXjNDeCc6DzAxBMRivF1czk%3d",49,0.197514874443499
"48","ZENITH",6,5,"Masters","Women","Baltimore","MD","/teams/events/Eventteam/?TeamId=wXdFvryzMTHB0%2bPHBI7Wts1E0Y2oTGeetRGkyNrAMdM%3d",153,0.18551984381559
"49","Riding High West",4,4,"Grand Masters","Women","Multiple","AZ","/teams/events/Eventteam/?TeamId=ojfaghHR2sE6PfBVfsqFTehP03fSjNCdwSu3zjyx8NQ%3d",94,0.150292721846214
"50","TCWM",3,3,"Beach","Women","Toronto","Ontario","/teams/events/Eventteam/?TeamId=6TOG843HfeWZ75MKNhxPTqYfedIe4cMOgudMc22hnbI%3d",130,0.119160122032365
"51","Winnipeg Mint",2,4,"Masters","Women","Winnipeg","Manitoba","/teams/events/Eventteam/?TeamId=xm%2blr37Ppvj6%2bpqqUctU1GPm1vAawUDNHts3skIe8lw%3d",150,0.108446756361159
"52","Hot Metal",20,12,"Club","Women","Pittsburgh","PA","/teams/events/Eventteam/?TeamId=NmUcA3XL521B4QcEk5sAXflWhx43wtje1eKqH6m5lGY%3d",48,0.105566306416427
"53","uno",2,5,"Club","Women","Toyota","Aichi","/teams/events/Eventteam/?TeamId=BmGT80BgJa6gdj7lwy3viZrmw9XY0TOls0bv1U3RrpY%3d",140,0.0890319364634622
"54","G.O.S.E.",1,10,"Masters","Women","Minneapolis","MN","/teams/events/Eventteam/?TeamId=IXi3wOwe1JINhDfAe5nM7ZPFekJkH36Dube%2f0YqNAbo%3d",39,0.0859646002533913
"55","Seattle Mint",4,5,"Masters","Women","Seattle","WA","/teams/events/Eventteam/?TeamId=Q1YCpBR4IBn5QeNjzZsneopaF%2b2VUkEn5wkieF3YVhM%3d",111,0.082509850678018
"56","Viva",10,18,"Club","Women","Los Angeles","CA","/teams/events/Eventteam/?TeamId=T53Rw7saBWxr1Y06geq6GGcZUqVDxmRQAuMmgyuFivM%3d",146,0.0816622414852175
"57","Iris",10,3,"Club","Women","Québec","Quebec","/teams/events/Eventteam/?TeamId=LsNrk559JBfUbdGogatPiX6w760k9hbpWQFGbNmWuN0%3d",56,0.0816056219332225
"58","Elevate",18,8,"Club","Women","Salt Lake City","UT","/teams/events/Eventteam/?TeamId=N62ALeqQAz1Rnhkn5Cz8xiRrsvmCJKWZ0DO4PTlJwl0%3d",24,0.0681999147317503
"59","Grit",18,12,"Club","Women","Washington","DC","/teams/events/Eventteam/?TeamId=NlKscwl6PuvBkHFHh%2b%2b9CGWiWcyYZMfrePiLJiOXUb8%3d",41,0.0666161377283272
"60","The Collective",3,3,"Beach","Women","Halifax","Nova Scotia","/teams/events/Eventteam/?TeamId=HPNvwWW7Y2G1YJyRKeeedPWWIl8euLUXSA67Q9VTzKc%3d",134,0.0633210794413343
"61","Wicked",16,8,"Club","Women","Kansas City","KS","/teams/events/Eventteam/?TeamId=GpzJ6netEtQ7mG76O1CckfwXU9AboQ%2byCXk9V88t664%3d",148,0.0597159288763072
"62","Fusion",12,9,"Club","Women","Winnipeg","Manitoba","/teams/events/Eventteam/?TeamId=%2fy9GLX4zYAj99k0nZDPArHVDdX%2bQHyHsEy17YZWGgVU%3d",38,0.052864771017935
"63","FAB",18,8,"Club","Women","Bay Area","CA","/teams/events/Eventteam/?TeamId=svagJOLKWzW8rsFC0qKzB4B%2fqNDMB5k1ry7vLAfkYXI%3d",27,0.0520087461197866
"64","Green",20,4,"Club","Women","Philadelphia","PA","/teams/events/Eventteam/?TeamId=a3q%2b5frlBpIqMEN%2byBa4m4Tzfglo7dCmC2lrLNlfVGE%3d",40,0.0317094413998443
"65","Venus",3,4,"Club","Women","Montreal","Quebec","/teams/events/Eventteam/?TeamId=4s2oeIdZ%2fhXSu%2febtzNglQG0%2bUFQMY0Vrkb43z8fh3k%3d",142,0.0257843493454024
"66","Notorious C.L.E.",13,14,"Club","Women","Cleveland","OH","/teams/events/Eventteam/?TeamId=QpnUq1tPEoeJMUGr8l%2bNHXt6lIQhGOmqV%2f5i7M9%2fSL8%3d",75,0.0257062787189075
"67","Atlantiques",3,6,"Masters","Women","Atlanta","GA","/teams/events/Eventteam/?TeamId=pMWZHKigbK%2fQU1zqpI4cxQarIjKK2aYT7ISqq4xhi2g%3d",2,0.0235955671511359
"68","I Thought This Was A Wine Tasting",2,4,"Masters","Women","New York","NY","/teams/events/Eventteam/?TeamId=VA%2bfDuc4qpWUgkfElHVZJk9hHwhrjRX5OQUUgbGsHik%3d",51,0.0219131703693435
"69","BizNasty",2,4,"Masters","Women","San Francisco","CA","/teams/events/Eventteam/?TeamId=jbsl0UnaNmDtXFHmWOVUEIQeCgczT82HznBPE%2fjMPmE%3d",7,0.0194896157596371
"70","Stella",4,3,"Club","Women","Ottawa","Ontario","/teams/events/Eventteam/?TeamId=Tjhgct%2fzmnHopVaK4wm1RL93vaD8690KFCDaEu0oPcs%3d",123,0.0182473912262318
"71","Hot Flash",2,5,"Masters","Women","Great Lakes","OH","/teams/events/Eventteam/?TeamId=gUpYXi%2bO%2f4CgWqdv3Ox9%2bwkRQuboFLiLSoxGxYcGFmA%3d",47,0.0176166160402666
"72","Deadly Viper Assassination Squad",8,17,"Club","Women","Oakland","CA","/teams/events/Eventteam/?TeamId=9CdTiIz2cP5w6xNtkyyD%2bZ1JnhpfTf46PA5qpGwc6vE%3d",21,0.017227250988952
"73","Vermont Women's Tapped",1,5,"Masters","Women","Burlington","VT","/teams/events/Eventteam/?TeamId=GHhsIaF0%2fm2mKoA4dwKUt2nuWTwfYkXLDLJYzWCTu%2b4%3d",143,0.0170801436181256
"74","Portland Ivy",13,11,"Club","Women","Portland","OR","/teams/events/Eventteam/?TeamId=UXWvr5SmFPed%2bcS5nj53u8kJd6bZD9r4P6k3qn%2fCBuE%3d",88,0.0167645608934079
"75","Virginia Rebellion",13,15,"Club","Women","Richmond","VA","/teams/events/Eventteam/?TeamId=IooFpWIhy0WWHfwUdyZOMhMfca3exMoaim5lhsg%2buZs%3d",145,0.0162198655991097
"76","Peak Bloom",0,7,"Grand Masters","Women","Rockville","MD","/teams/events/Eventteam/?TeamId=Cl%2f1MxTOVQH%2bEaKojAtePjhS7TVKVDrLmijNEGhYECc%3d",79,0.0154835693831856
"77","Sunbreaks",0,5,"Beach","Women","Seattle","WA","/teams/events/Eventteam/?TeamId=3mloUlL0HzRSD1EsYi6%2b3cSiN0BsY1A%2b0%2f%2bFHSzSPO0%3d",126,0.0153742550454773
"78","Throwtorious RBG",2,5,"Beach","Women","Washington","DC","/teams/events/Eventteam/?TeamId=EOMfLz%2bSFvyB4%2bwG6ZbQ30dmweJTMuOqBv1OzNtnnUg%3d",136,0.0146987302068007
"79","Vice",15,15,"Club","Women","Cambridge","MA","/teams/events/Eventteam/?TeamId=z1fh9JFXpgdZqZASNvgRJpebLOviWgvRZZRSTErcgzY%3d",144,0.0142381323285861
"80","Salty",3,4,"Club","Women","Halifax","Nova scotia","/teams/events/Eventteam/?TeamId=O18uA6oNe8BBU3IZJzi7ih621PRtPlpWIlunpBqBnio%3d",102,0.0117929570254039
"81","PPF",4,3,"Club","Women","Kitchener-Waterloo","Ontario","/teams/events/Eventteam/?TeamId=p1vG7ZFVjfPg1zrni8xhmxOt3KK%2fBRjNjmxB8DtbeK8%3d",89,0.00866762742543022
"82","Phoenix Uprising",9,13,"Club","Women","Phoenix","AZ","/teams/events/Eventteam/?TeamId=d%2fNYGge1VRn7BRzMz41%2f9k%2bMe9beffcXzFwsgQ3nVy4%3d",81,0.00855665113863171
"83","Sharks & Kisses",4,3,"Beach","Women","Raleigh","NC","/teams/events/Eventteam/?TeamId=iN2gi8K3lBBOejO86MJCv3DVWqclPnZ16GltTLpA6m8%3d",114,0.0085124611970407
"84","Outbreak",17,9,"Club","Women","Atlanta","GA","/teams/events/Eventteam/?TeamId=Y6BAUBXDVZne5hNirI0Rzi7MHxjxI7G8wdB6bhnRk74%3d",77,0.00818561854699353
"85","Dish",21,10,"Club","Women","Chicago","IL","/teams/events/Eventteam/?TeamId=TY%2bSPRzAPIuWe1xxrd81fr9b3GMiUDsApqMqEnoMZpA%3d",23,0.00788418515164483
"86","Pine Baroness",15,18,"Club","Women","Princeton","NJ","/teams/events/Eventteam/?TeamId=df%2fUzn9Ox1mVAzqlUtMBS6lnYGG51J6h7qhscU3sFkc%3d",82,0.00713211683313492
"87","Steel",21,14,"Club","Women","Birmingham","AL","/teams/events/Eventteam/?TeamId=7AJr0eIwge9WzxLwY02rzXHSPIliR6BkAfeH3Dp5Va8%3d",122,0.0065535443478358
"88","Colorado Small Batch",11,14,"Club","Women","Denver","CO","/teams/events/Eventteam/?TeamId=F%2bB5%2fDnoErMbyzv3VNGSvPn%2b8tM75rZSbDMsNg89zro%3d",18,0.00626018566621159
"89","Tempo",1,6,"Club","Women","Bay Area","CA","/teams/events/Eventteam/?TeamId=soh2p%2fvgwn8Xj2x8cmwj0OsvY46jxUmAUVGgbtWqIrw%3d",131,0.0061648579640673
"90","Zephyr",5,8,"Club","Women","Vancouver","British Columbia","/teams/events/Eventteam/?TeamId=6soqX3z1LnAXoTs6qJy0iL3o5iakD5xZUSpq%2b6TSmPY%3d",154,0.00530652091987691
"91","Indy Rogue",22,12,"Club","Women","Indianapolis","IN","/teams/events/Eventteam/?TeamId=gpXGlw72CdOvTKYYDnLdux3mnsKbPFiwZDOn4f1HVlE%3d",54,0.00512560141570545
"92","Filthy Rich",1,5,"Beach","Women","Richmond","VA","/teams/events/Eventteam/?TeamId=xrbu4YX2NtDrnct1wefmZfVK4pDy795N6h56ARQeoe0%3d",30,0.00504482823623308
"93","Brooklyn Book Club",18,10,"Club","Women","Brooklyn","NY","/teams/events/Eventteam/?TeamId=YE5Tz5FtQRUlo%2fgj8W6VM0nL3BN0LzHRwjTjX4P8j0Q%3d",14,0.00490391195851265
"94","Tabby Rosa",20,9,"Club","Women","Gainesville","FL","/teams/events/Eventteam/?TeamId=noJ%2fD74wDyZxMWhMXwW6%2fVgjoyZJfvu%2bwkY%2bB5JAZio%3d",129,0.00487625850831734
"95","Jackwagon",9,12,"Club","Women","Boulder/Denver","CO","/teams/events/Eventteam/?TeamId=thglcwljRVIwrV1h8e8edF%2fgtj4aMNu45FbBPT4x4ns%3d",59,0.00484486853794483
"96","Maeve",11,12,"Club","Women","Dallas","TX","/teams/events/Eventteam/?TeamId=QMmtZMAy50xW9tp%2bx8G%2fAK%2bTnR%2bhggl0VZCkGEYDw%2bk%3d",66,0.00481620675563608
"97","Backhanded",8,20,"Club","Women","Baltimore/Washington","DC","/teams/events/Eventteam/?TeamId=%2bYOZUp8xVDMUmoCdr9YKBgdyZRQfHmfbqSC84cQj8Fo%3d",4,0.00394396352468568
"98","First in Flight",4,3,"Beach","Women","Chapel Hill","NC","/teams/events/Eventteam/?TeamId=D9zB%2fNahrkNwR17IOq%2fWPPx0Tqnpn0oFl4yBlyTocJM%3d",31,0.00373263637039353
"99","Seattle Soul",7,10,"Club","Women","Seattle","WA","/teams/events/Eventteam/?TeamId=C2%2fX5wlDKv9runSEnsWtHP0KNFCVmo3nQjk2iH%2b6n5k%3d",113,0.00361540620143525
"100","Venom",4,13,"Club","Women","Tucson","AZ","/teams/events/Eventteam/?TeamId=vtqLpyFoFJNIffnN7dXMR6E1hDDqQAC0u9MnB4Yb9yE%3d",141,0.00313092291123661
"101","Fiasco",16,12,"Club","Women","Miami","FL","/teams/events/Eventteam/?TeamId=sgrxVLZJVb%2bWbE1cdz7SRfh7HcyyGxsU8UjBViAIfWo%3d",28,0.00285170525139745
"102","Helix",17,15,"Club","Women","Chicago","IL","/teams/events/Eventteam/?TeamId=9VGxJk8%2bnmx0wOjIHuVsSwUijslwtpTqOyCVJSpxfHQ%3d",43,0.00252106800424666
"103","Rice Crispies",4,2,"Club","Women","St. Paul","MN","/teams/events/Eventteam/?TeamId=vJmoHXj2nEJ17cvKCyVcPjqTwycW2XhYvvFCdF9k1Gs%3d",93,0.00252057676015486
"104","Trainwreck",3,10,"Club","Women","Fort Collins","CO","/teams/events/Eventteam/?TeamId=SbBHJuY0kMe7Cs2XaO3eR4lZqj3dauhRdj6gpvNfI4c%3d",138,0.00240015956849875
"105","Seattle Beat",4,8,"Club","Women","Seattle","WA","/teams/events/Eventteam/?TeamId=8%2fJ7gO8QLJSmio7PVgKFj8eAm1msvcUBBwdZdSMRuUI%3d",110,0.00197776137427692
"106","Savage",6,6,"Club","Women","Halifax","Nova Scotia","/teams/events/Eventteam/?TeamId=r97SmGzkFUWGA%2f%2bCjokSwlKxk9IT8ba2cJKNNNCFKVs%3d",105,0.00191713917377223
"107","Sureshot",19,12,"Club","Women","Cincinnati","OH","/teams/events/Eventteam/?TeamId=VwVBtGBHEFAwWhNV6LB42CjuS7X8P7JpZq74SKEbMzI%3d",127,0.00176001854717205
"108","Queen Cake",11,12,"Club","Women","New Orleans","LA","/teams/events/Eventteam/?TeamId=vkLgDyUtSUk3myyKFTQgh7XvAJR%2fu83bHQ0UeEx2Yng%3d",91,0.00165421533508848
"109","Restless",0,2,"Masters","Women","Florida","FL","/teams/events/Eventteam/?TeamId=fU1R9Xj7qz511yMnW5GNCJ5h8b4nYKcf4gZakVzgX%2f4%3d",92,0.0013798577281366
"110","Sea Sick",2,5,"Beach","Women","Long Beach Island","NJ","/teams/events/Eventteam/?TeamId=DZ4I5AbWl9HBoBBT5%2fAoMC4TxG%2bXoziA%2bvQNoeDCX0c%3d",109,0.00117391335105286
"111","Inferno",6,16,"Club","Women","Houston","TX","/teams/events/Eventteam/?TeamId=OLPOl3LbzV%2fBMUbVHbbrL50WFHU6ktE4GdxunX4UcIQ%3d",55,0.00113599339786661
"112","Further",2,5,"Club","Women","Eugene","OR","/teams/events/Eventteam/?TeamId=w3RIcJOPWvICCBfUbHSc2HKmOR4G%2frOJWDU4CrhA8g0%3d",36,0.000982216158412259
"113","Jinx",10,7,"Club","Women","Portland","ME","/teams/events/Eventteam/?TeamId=IY1H3huJinQQaZbs8w%2fuRTJcxv2ru4OXUni3hZv%2bG0M%3d",60,0.000963397341997695
"114","Suffrage",11,17,"Club","Women","Washington","DC","/teams/events/Eventteam/?TeamId=dBh3IBmtkuLdpfjhWCU5RIqCZzl6%2fP9yE%2bvBEG0ZJ5E%3d",125,0.000890794984763289
"115","Storm",3,4,"Club","Women","Montreal","Quebec","/teams/events/Eventteam/?TeamId=rmIWfj4xs8Vwfm1qWcxKxqOq4BlfiyC8H2XTUaOzOk4%3d",124,0.000833617746124905
"116","Boomslang",10,14,"Club","Women","Albany","NY","/teams/events/Eventteam/?TeamId=qjrJZq2S0IC0W9k2e3FNak%2fJM07V2fBjApRPMil6fnY%3d",11,0.000796247151741373
"117","Independence",5,13,"Club","Women","Philadelphia","PA","/teams/events/Eventteam/?TeamId=FARXpRA%2bvItii8RDxePim7xMpUC6JtM%2bjmCBXxh49VQ%3d",53,0.000627499114913578
"118","The Bends",2,5,"Beach","Women","New York","NY","/teams/events/Eventteam/?TeamId=tPksamYnRSBPozuLnMyCQDeUPsaCdoaTO51W5IKIJlM%3d",133,0.000609460140867682
"119","MystiKuE",12,14,"Club","Women","Milwaukee","WI","/teams/events/Eventteam/?TeamId=KEPBGiQM%2bftOqmeatK5XRiP%2bENMru76ybRTGgFt%2bOMY%3d",72,0.000557794618913536
"120","Monsoon Ultimate",4,11,"Club","Women","Flagstaff","AZ","/teams/events/Eventteam/?TeamId=jiPAeK4LZy38T4BeeWvx0Xd7R4YiHVslPrdE50tcP5c%3d",69,0.000554029893688716
"121","Broad City",10,16,"Club","Women","Philadelphia","PA","/teams/events/Eventteam/?TeamId=X%2fzqVlbLxHavrLMdhkw6chtFaG4NqVY%2bPlJWDx8QVVo%3d",13,0.000535948242959747
"122","Wendigo",1,11,"Club","Women","Vancouver","British Columbia","/teams/events/Eventteam/?TeamId=C9D0%2b34jDLCMMfeD0KdI2k0DuE2RFvanw9EHQT0btLA%3d",147,0.000533820392915921
"123","Encore",6,14,"Club","Women","Nashville","TN","/teams/events/Eventteam/?TeamId=18Jh9tAZaURNNMwDQAWcI2dFrz2GIOe3tM9MGuYGRi4%3d",25,0.000520049104720055
"124","Sparks",8,15,"Club","Women","Cincinnati","OH","/teams/events/Eventteam/?TeamId=F3QbAiUxdbZA2c6YTqzJbWKIYZSzp0uYUzGYLBQkRfM%3d",121,0.000506908573096045
"125","Snap",9,16,"Club","Women","Minneapolis","MN","/teams/events/Eventteam/?TeamId=7ZXNxr9skM5tXi36j7kfE3rzS9zg8lVKQirstyyZ38I%3d",119,0.00026487826765973
"126","Crackle",11,15,"Club","Women","Minneapolis","MN","/teams/events/Eventteam/?TeamId=BK4JiXcMl26liC9aAdrObpGJ9UaIuN0RhwEK2w5m4H0%3d",19,0.000220089243819512
"127","foxx",0,7,"Beach","Women","Peterborough","ON","/teams/events/Eventteam/?TeamId=qicov2G33deShKPKAgPotzJRNGMaTu0UE0siQrusLgA%3d",33,0.000206588882867547
"128","Rogue",3,10,"Club","Women","Chapel Hill","NC","/teams/events/Eventteam/?TeamId=jDP%2bQvLF5qLPpmiyFVxKL2BfQuPp%2bTdaeDil5T%2b3shc%3d",99,0.000148591340887249
"129","Hoax",6,19,"Club","Women","Charleston","SC","/teams/events/Eventteam/?TeamId=W6KLsWvpi2Ga9LI6HnnWRu7GnGYRl%2f8j9jheJllPXQI%3d",44,0.000145674891147213
"130","Mystik",4,3,"Club","Women","Montréal","Québec","/teams/events/Eventteam/?TeamId=cn8z9AEliPr1XdkoPBvUGlBsEdxyKtwLqRNiGW8CbLY%3d",71,0.000143042142191689
"131","Lockdown",3,25,"Club","Women","Madison","WI","/teams/events/Eventteam/?TeamId=mQVFGxGUO7TuN2dPM4Y15UTwSrHXxHahZ3vnHsOKiuw%3d",63,0.000126061319325977
"132","Salt City Spirit",6,10,"Club","Women","Syracuse","NY","/teams/events/Eventteam/?TeamId=MWRdtB85TgjW65YbCDUr%2bwjRbwGLaTTdGdwGnsSzEFs%3d",101,0.000105053819914272
"133","EXO",3,4,"Club","Women","Sherbrooke","Québec","/teams/events/Eventteam/?TeamId=5aURLSrmJbDX4Nt%2b9uXTIE8iXUPE9jPl1gM%2bGvbkfkY%3d",26,9.18393754454746e-05
"134","Fresh Grannies",1,4,"Club","Women","Seattle","WA","/teams/events/Eventteam/?TeamId=2l67mFdhEACu%2b5GFlnmDLmA9o8PqqZe%2bxY%2fwQv%2bT2do%3d",35,6.81405008365639e-05
"135","Baywatch",2,13,"Club","Women","New Britain","CT","/teams/events/Eventteam/?TeamId=On9TL3MRFEeqQa4E6fp8NbrFAkXHSA5y26GVZRWqcb0%3d",5,6.43132721520014e-05
"136","Honey Pot",5,20,"Club","Women","Chattanooga","TN","/teams/events/Eventteam/?TeamId=omm5EGgWy7%2bMxUAtR5Zu5IvCPcSeMCB0%2b9CPUQ57Vk4%3d",45,5.57217536086e-05
"137","WOLP",1,4,"Club","Women","Northampton","MA","/teams/events/Eventteam/?TeamId=VUZqgfpcaz1lT9oGjgp5d5YBsGJfWHs7akuwJid3Z1s%3d",151,5.32538659383939e-05
"138","Autonomous",2,15,"Club","Women","Ann Arbor/Detroit","MI","/teams/events/Eventteam/?TeamId=%2bG3pOu6Nqci1p5WX%2bhauiLI6qGInJ3Pl4uit4YUYLCI%3d",3,2.85869914423106e-05
"139","Roc Paper Scissors",2,7,"Club","Women","Rochester","NY","/teams/events/Eventteam/?TeamId=b4TN0vZ0vINDFYg8ilnplmLNmUz8LXx1Fsrzu9HIxHI%3d",97,2.58591615960278e-05
"140","Frenzy",3,21,"Club","Women","Chicago","IL","/teams/events/Eventteam/?TeamId=S4BzN3cPLZzlBJSU%2fA8zzq7GrP%2fm58WXwxXHgnEAHMQ%3d",34,1.51134391979563e-05
"141","BLADE",0,7,"League","Women","Boston","MA","/teams/events/Eventteam/?TeamId=KwBw3%2fkxkVVANxt88sYhcvzON2U5Ju55J96HLfsB4Mg%3d",9,1.21131736336405e-05
"142","DINO",1,18,"Club","Women","New York","NY","/teams/events/Eventteam/?TeamId=uGdxStDhsqHR0kB%2bleibU98X%2bm08VDtVpHnLsBKPFiA%3d",22,9.74119938284729e-06
"143","HOPE",1,6,"Club","Women","Providence","RI","/teams/events/Eventteam/?TeamId=8%2bscqDEv%2f895xn1NOdvEa6QhJTFCLtsNmCSxczxCAPo%3d",46,7.93626652776868e-06
"144","Orbit",0,14,"Club","Women","Atlanta","GA","/teams/events/Eventteam/?TeamId=5sH%2b4TSQ3%2feTJ%2fEHCaCc%2bQDm4c6iG59IVGz1GQgpu9I%3d",76,6.03998457689125e-06
"145","PLOW",0,1,"Club","Women","Northampton","MA","/teams/events/Eventteam/?TeamId=VVVWrzNTHrnCoGunSYwWDEBMTNXsb5AFQP54Z8Wz5g4%3d",83,5.32538659386775e-06
"146","Filthy Gorgeous",1,6,"Club","Women","Saint Louis","MO","/teams/events/Eventteam/?TeamId=Aua96l05nl1JyLevvZ%2fgkXJmvAO99uUwLuTd%2bv4hLcE%3d",29,4.00735130248919e-07
"147","BMN",0,5,"Club","Women","Boston","MA","/teams/events/Eventteam/?TeamId=N9UI%2bqFPWzQDm%2f7%2fG%2bSJKUTiicJBrzTwQCDlTGWtEmo%3d",10,0
"148","Clemson (Tiger Alumni)",0,0,"Club","Women","Clemson","SC","/teams/events/Eventteam/?TeamId=NJmUAe98%2bU8aQTOPNOP3Lw3sfEl4l8%2fm5bvosv0qTLg%3d",16,0
"149","DC MadDames",1,3,"Masters","Women","Washington","DC","/teams/events/Eventteam/?TeamId=hJecwgsNwUzPHI2ynnCyMn6Z8BPj5a5is8K80soq9uo%3d",20,0
"150","First Ladies",0,4,"Masters","Women","Washington","DC","/teams/events/Eventteam/?TeamId=gwwMo16O8vug3ke5%2bsi%2bPPiAIrtoDpan8L8jinnF49Y%3d",32,0
"151","Huck the Patriarchy",5,2,"Club","Women","Seattle","WA","/teams/events/Eventteam/?TeamId=HkoVVxslU7HeAuBDHeoMiuy0DzqEGZmyOemnztj%2bKDA%3d",50,0
"152","PLU Alum",0,0,"Club","Women","Tacoma","WA","/teams/events/Eventteam/?TeamId=6Ty3k4LQF5VnrNMFlqj89EO6RJw73jIQRHlgLx41nH0%3d",84,0
"153","Portland Ho Bags",0,2,"Masters","Women","Portland","OR","/teams/events/Eventteam/?TeamId=Z1WoPuW7ZBkoa3VGLlhe%2bTvwxy7ROMUnLKGmeU7P1wA%3d",87,0
"154","Temptress",0,10,"Club","Women","Dallas","TX","/teams/events/Eventteam/?TeamId=7XoPBm%2fOX3uU3PFr2fPXyan4JsC%2fefefQJMH3rO2YVc%3d",132,0
